603133 碳元科技 1分钟线 不复权
      日期	    时间	    开盘	    最高	    最低	    收盘	    成交量	    成交额
2017/07/05	0931	33.89	34.33	33.89	34.27	483700	16493552.00
2017/07/05	0932	34.24	34.24	34.06	34.10	335100	11448528.00
2017/07/05	0933	33.98	34.07	33.92	34.00	146600	4980283.00
2017/07/05	0934	34.00	34.09	34.00	34.09	130400	4438788.00
2017/07/05	0935	34.09	34.48	34.09	34.48	191100	6545898.00
2017/07/05	0936	34.47	34.86	34.47	34.80	450300	15640541.00
2017/07/05	0937	34.86	34.88	34.71	34.72	284000	9881375.00
2017/07/05	0938	34.76	35.00	34.73	35.00	341700	11920771.00
2017/07/05	0939	35.01	35.25	35.01	35.12	593900	20875372.00
2017/07/05	0940	35.10	35.16	34.93	34.95	299800	10505035.00
2017/07/05	0941	34.98	35.20	34.93	35.20	344600	12065703.00
2017/07/05	0942	35.20	35.20	34.95	35.00	376900	13240811.00
2017/07/05	0943	35.00	35.00	34.80	34.80	165300	5773395.00
2017/07/05	0944	34.79	34.95	34.75	34.95	150800	5250877.00
2017/07/05	0945	34.97	35.04	34.95	35.00	233700	8179426.00
2017/07/05	0946	35.00	35.00	34.79	34.79	144300	5033236.00
2017/07/05	0947	34.77	34.77	34.60	34.60	147600	5118643.00
2017/07/05	0948	34.60	34.60	34.30	34.50	157200	5418993.00
2017/07/05	0949	34.50	34.55	34.41	34.55	151500	5226097.00
2017/07/05	0950	34.54	34.67	34.50	34.50	190700	6592365.00
2017/07/05	0951	34.50	34.50	34.18	34.18	200300	6885195.00
2017/07/05	0952	34.26	34.35	34.18	34.35	121300	4154278.00
2017/07/05	0953	34.35	34.39	34.34	34.39	90500	3110994.00
2017/07/05	0954	34.38	34.39	34.25	34.25	95300	3272953.00
2017/07/05	0955	34.24	34.33	34.21	34.33	132600	4541130.00
2017/07/05	0956	34.36	34.43	34.31	34.40	51200	1758872.00
2017/07/05	0957	34.40	34.59	34.40	34.59	43600	1503960.00
2017/07/05	0958	34.58	34.61	34.50	34.57	119200	4119939.00
2017/07/05	0959	34.57	34.58	34.46	34.47	78600	2713679.00
2017/07/05	1000	34.47	34.47	34.38	34.44	59400	2045954.00
2017/07/05	1001	34.44	34.53	34.44	34.53	43400	1497743.00
2017/07/05	1002	34.51	34.57	34.49	34.49	52500	1812291.00
2017/07/05	1003	34.47	34.47	34.31	34.31	54900	1887310.00
2017/07/05	1004	34.33	34.50	34.30	34.50	67700	2325752.00
2017/07/05	1005	34.52	34.64	34.51	34.62	86600	2994991.00
2017/07/05	1006	34.63	34.63	34.52	34.52	82200	2843787.00
2017/07/05	1007	34.59	34.60	34.51	34.60	65900	2279092.00
2017/07/05	1008	34.60	34.81	34.60	34.81	96000	3329182.00
2017/07/05	1009	34.86	34.90	34.81	34.90	144500	5040531.00
2017/07/05	1010	34.95	34.96	34.78	34.80	138900	4848308.00
2017/07/05	1011	34.81	34.81	34.65	34.68	88700	3080235.00
2017/07/05	1012	34.63	34.78	34.60	34.78	48600	1686563.00
2017/07/05	1013	34.80	34.86	34.80	34.86	90400	3149010.00
2017/07/05	1014	34.86	34.90	34.83	34.90	118800	4143009.00
2017/07/05	1015	34.90	34.91	34.78	34.78	120500	4201750.00
2017/07/05	1016	34.80	34.86	34.65	34.80	126700	4406801.00
2017/07/05	1017	34.90	35.10	34.86	35.10	290300	10148467.00
2017/07/05	1018	35.09	35.09	35.02	35.06	182000	6382848.00
2017/07/05	1019	35.03	35.08	35.00	35.00	152100	5326713.00
2017/07/05	1020	34.95	34.99	34.90	34.97	49800	1740424.00
2017/07/05	1021	34.98	35.00	34.90	34.92	114300	3995903.00
2017/07/05	1022	34.92	34.92	34.85	34.86	72200	2519235.00
2017/07/05	1023	34.86	35.04	34.86	35.04	50800	1775207.00
2017/07/05	1024	35.04	35.25	35.04	35.25	258900	9105247.00
2017/07/05	1025	35.25	35.25	35.12	35.12	193600	6813607.00
2017/07/05	1026	35.15	35.15	35.06	35.08	118800	4169271.00
2017/07/05	1027	35.06	35.15	35.06	35.15	107000	3756416.00
2017/07/05	1028	35.12	35.16	35.12	35.16	154900	5445386.00
2017/07/05	1029	35.20	35.20	35.13	35.19	132800	4672887.00
2017/07/05	1030	35.13	35.19	35.07	35.07	43300	1519980.00
2017/07/05	1031	35.07	35.10	35.00	35.02	50400	1766501.00
2017/07/05	1032	35.01	35.03	34.89	34.90	84800	2965762.00
2017/07/05	1033	34.92	35.00	34.89	34.95	52600	1837105.00
2017/07/05	1034	34.95	34.99	34.90	34.91	68300	2385612.00
2017/07/05	1035	34.93	35.13	34.92	35.10	64000	2243623.00
2017/07/05	1036	35.13	35.22	35.13	35.22	96100	3380424.00
2017/07/05	1037	35.22	35.24	35.13	35.15	58000	2041006.00
2017/07/05	1038	35.13	35.15	35.05	35.07	45800	1607380.00
2017/07/05	1039	35.10	35.15	35.07	35.13	46500	1633147.00
2017/07/05	1040	35.16	35.20	35.15	35.20	134300	4725968.00
2017/07/05	1041	35.21	35.41	35.20	35.41	209700	7405769.00
2017/07/05	1042	35.43	35.59	35.42	35.58	321500	11409465.00
2017/07/05	1043	35.59	35.63	35.53	35.58	186000	6620350.00
2017/07/05	1044	35.53	35.53	35.32	35.36	73300	2599840.00
2017/07/05	1045	35.40	35.40	35.32	35.35	82900	2930770.00
2017/07/05	1046	35.35	35.45	35.35	35.45	55200	1954591.00
2017/07/05	1047	35.45	35.45	35.30	35.30	81100	2868312.00
2017/07/05	1048	35.30	35.30	35.21	35.22	55200	1945316.00
2017/07/05	1049	35.23	35.24	35.20	35.24	32100	1130474.00
2017/07/05	1050	35.24	35.33	35.24	35.33	42600	1503276.00
2017/07/05	1051	35.30	35.34	35.24	35.24	90400	3189055.00
2017/07/05	1052	35.24	35.24	35.18	35.18	55700	1960476.00
2017/07/05	1053	35.18	35.19	35.15	35.15	58200	2047024.00
2017/07/05	1054	35.17	35.23	35.17	35.20	32800	1154115.00
2017/07/05	1055	35.23	35.26	35.23	35.26	36100	1272361.00
2017/07/05	1056	35.26	35.28	35.25	35.28	36300	1280167.00
2017/07/05	1057	35.28	35.28	35.20	35.20	48400	1705723.00
2017/07/05	1058	35.20	35.20	35.10	35.10	43600	1532443.00
2017/07/05	1059	35.10	35.32	35.08	35.32	75700	2662698.00
2017/07/05	1100	35.32	35.50	35.32	35.50	110100	3897742.00
2017/07/05	1101	35.50	35.56	35.48	35.48	96900	3440978.00
2017/07/05	1102	35.46	35.46	35.34	35.36	48000	1698001.00
2017/07/05	1103	35.35	35.55	35.34	35.55	75200	2667470.00
2017/07/05	1104	35.55	35.87	35.55	35.87	256000	9121527.00
2017/07/05	1105	35.87	35.95	35.87	35.89	223400	8020922.00
2017/07/05	1106	35.88	35.91	35.70	35.74	124400	4460861.00
2017/07/05	1107	35.79	35.89	35.74	35.89	114300	4095097.00
2017/07/05	1108	35.90	36.36	35.90	36.36	416000	15010042.00
2017/07/05	1109	36.38	36.80	36.38	36.80	262000	9575239.00
2017/07/05	1110	36.70	36.87	36.59	36.59	255100	9381081.00
2017/07/05	1111	36.69	36.69	36.58	36.67	123900	4537449.00
2017/07/05	1112	36.60	36.65	36.53	36.53	142300	5204916.00
2017/07/05	1113	36.55	36.55	36.45	36.45	97500	3556104.00
2017/07/05	1114	36.42	36.50	36.38	36.40	84100	3064158.00
2017/07/05	1115	36.40	36.55	36.40	36.55	60900	2222180.00
2017/07/05	1116	36.55	36.55	36.40	36.41	74700	2725107.00
2017/07/05	1117	36.40	36.40	36.25	36.25	100700	3657960.00
2017/07/05	1118	36.28	36.28	36.17	36.17	146500	5306020.00
2017/07/05	1119	36.20	36.51	36.20	36.41	123800	4496931.00
2017/07/05	1120	36.52	36.94	36.47	36.94	148000	5435308.00
2017/07/05	1121	36.97	37.10	36.97	37.08	234900	8696244.00
2017/07/05	1122	37.10	37.10	36.90	36.94	128900	4770773.00
2017/07/05	1123	36.98	36.98	36.50	36.79	93300	3431600.00
2017/07/05	1124	36.80	36.90	36.70	36.90	91300	3358964.00
2017/07/05	1125	36.90	36.90	36.68	36.70	89900	3312408.00
2017/07/05	1126	36.66	36.68	36.61	36.64	66000	2417066.00
2017/07/05	1127	36.63	36.63	36.59	36.60	53400	1955210.00
2017/07/05	1128	36.60	36.62	36.59	36.59	70700	2587720.00
2017/07/05	1129	36.59	36.59	36.54	36.54	42700	1561885.00
2017/07/05	1300	36.53	36.70	36.52	36.70	125400	4588857.00
2017/07/05	1301	36.70	36.70	36.70	36.70	20300	746846.00
2017/07/05	1302	36.71	36.86	36.70	36.86	20300	746846.00
2017/07/05	1303	36.79	36.86	36.60	36.68	71000	2608743.00
2017/07/05	1304	36.61	36.68	36.60	36.68	35800	1310762.00
2017/07/05	1305	36.60	36.62	36.60	36.60	43800	1603221.00
2017/07/05	1306	36.60	36.63	36.60	36.60	17000	622328.00
2017/07/05	1307	36.60	36.62	36.56	36.56	29400	1075581.00
2017/07/05	1308	36.56	36.60	36.54	36.55	24100	880922.00
2017/07/05	1309	36.56	36.62	36.56	36.62	27500	1006386.00
2017/07/05	1310	36.62	36.65	36.61	36.62	21600	791197.00
2017/07/05	1311	36.62	36.80	36.62	36.80	14100	517534.00
2017/07/05	1312	36.80	36.85	36.68	36.68	49800	1833808.88
2017/07/05	1313	36.68	36.80	36.67	36.80	24200	889404.00
2017/07/05	1314	36.80	36.80	36.70	36.70	19400	713059.00
2017/07/05	1315	36.67	36.67	36.61	36.61	36200	1326820.00
2017/07/05	1316	36.61	36.61	36.52	36.52	37700	1378411.00
2017/07/05	1317	36.52	36.52	36.45	36.45	55100	2011402.00
2017/07/05	1318	36.45	36.48	36.42	36.43	23700	863607.00
2017/07/05	1319	36.44	36.50	36.42	36.50	62000	2259412.00
2017/07/05	1320	36.50	36.51	36.47	36.47	16100	587543.00
2017/07/05	1321	36.47	36.47	36.36	36.38	36200	1318570.00
2017/07/05	1322	36.36	36.36	36.28	36.28	71600	2601170.00
2017/07/05	1323	36.28	36.28	36.22	36.28	60100	2178603.00
2017/07/05	1324	36.29	36.35	36.29	36.35	23800	864206.00
2017/07/05	1325	36.35	36.35	36.32	36.35	34000	1235292.00
2017/07/05	1326	36.35	36.35	36.33	36.33	32800	1192019.00
2017/07/05	1327	36.33	36.34	36.30	36.33	48200	1750437.00
2017/07/05	1328	36.34	36.56	36.33	36.56	42100	1536080.00
2017/07/05	1329	36.56	36.70	36.52	36.70	32500	1190884.00
2017/07/05	1330	36.70	36.70	36.53	36.69	29100	1067189.00
2017/07/05	1331	36.55	36.68	36.55	36.60	21700	793812.00
2017/07/05	1332	36.65	36.65	36.55	36.55	27300	998263.00
2017/07/05	1333	36.55	37.24	36.55	37.20	445300	16414632.00
2017/07/05	1334	37.25	37.27	37.22	37.22	283600	10566358.00
2017/07/05	1335	37.21	37.22	37.11	37.11	57700	2144466.00
2017/07/05	1336	37.02	37.11	36.91	36.98	58900	2180414.00
2017/07/05	1337	36.98	37.00	36.90	37.00	41800	1545678.00
2017/07/05	1338	37.00	37.10	37.00	37.09	29600	1096593.00
2017/07/05	1339	37.22	37.28	37.22	37.28	1106100	41230208.00
2017/07/05	1340	37.28	37.28	37.28	37.28	157100	5856688.00
2017/07/05	1341	37.28	37.28	37.28	37.28	67300	2508944.00
2017/07/05	1342	37.28	37.28	37.28	37.28	41200	1535936.00
2017/07/05	1343	37.28	37.28	37.28	37.28	32600	1215328.00
2017/07/05	1344	37.28	37.28	37.28	37.28	62100	2315088.00
2017/07/05	1345	37.28	37.28	37.28	37.28	73000	2721440.00
2017/07/05	1346	37.28	37.28	37.28	37.28	34800	1297344.00
2017/07/05	1347	37.28	37.28	37.28	37.28	49400	1841632.00
2017/07/05	1348	37.28	37.28	37.28	37.28	34400	1282432.00
2017/07/05	1349	37.28	37.28	37.28	37.28	29700	1107216.00
2017/07/05	1350	37.28	37.28	37.28	37.28	15600	581568.00
2017/07/05	1351	37.28	37.28	37.28	37.28	8100	301968.00
2017/07/05	1352	37.28	37.28	37.28	37.28	83500	3112880.00
2017/07/05	1353	37.28	37.28	37.28	37.28	56200	2095136.00
2017/07/05	1354	37.28	37.28	37.28	37.28	54300	2024303.88
2017/07/05	1355	37.28	37.28	37.28	37.28	27600	1028928.00
2017/07/05	1356	37.28	37.28	37.28	37.28	5800	216224.00
2017/07/05	1357	37.28	37.28	37.28	37.28	15400	574112.00
2017/07/05	1358	37.28	37.28	37.28	37.28	12200	454816.00
2017/07/05	1359	37.28	37.28	37.28	37.28	11400	424992.00
2017/07/05	1400	37.28	37.28	37.28	37.28	7200	268416.00
2017/07/05	1401	37.28	37.28	37.28	37.28	1200	44736.00
2017/07/05	1402	37.28	37.28	37.28	37.28	6400	238592.00
2017/07/05	1403	37.28	37.28	37.28	37.28	4000	149120.00
2017/07/05	1404	37.28	37.28	37.28	37.28	3300	123024.00
2017/07/05	1405	37.28	37.28	37.28	37.28	7100	264688.00
2017/07/05	1406	37.28	37.28	37.28	37.28	5200	193855.98
2017/07/05	1407	37.28	37.28	37.28	37.28	1600	59648.00
2017/07/05	1408	37.28	37.28	37.28	37.28	6700	249776.00
2017/07/05	1409	37.28	37.28	37.28	37.28	8700	324336.00
2017/07/05	1410	37.28	37.28	37.28	37.28	3500	130480.00
2017/07/05	1411	37.28	37.28	37.28	37.28	3800	141664.00
2017/07/05	1412	37.28	37.28	37.28	37.28	25600	954368.00
2017/07/05	1413	37.28	37.28	37.28	37.28	400	14912.00
2017/07/05	1414	37.28	37.28	37.28	37.28	500	18640.00
2017/07/05	1415	37.28	37.28	37.28	37.28	900	33552.00
2017/07/05	1416	37.28	37.28	37.28	37.28	3000	111840.00
2017/07/05	1417	37.28	37.28	37.28	37.28	1200	44736.00
2017/07/05	1418	37.28	37.28	37.28	37.28	900	33552.00
2017/07/05	1419	37.28	37.28	37.28	37.28	100	3728.00
2017/07/05	1420	37.28	37.28	37.28	37.28	29900	1114672.00
2017/07/05	1421	37.28	37.28	37.28	37.28	6100	227408.00
2017/07/05	1422	37.28	37.28	37.28	37.28	1900	70832.00
2017/07/05	1423	37.28	37.28	37.28	37.28	5400	201312.00
2017/07/05	1424	37.28	37.28	37.28	37.28	1500	55920.00
2017/07/05	1425	37.28	37.28	37.28	37.28	2500	93200.00
2017/07/05	1426	37.28	37.28	37.28	37.28	3100	115568.00
2017/07/05	1427	37.28	37.28	37.28	37.28	1800	67104.00
2017/07/05	1428	37.28	37.28	37.28	37.28	1900	70832.00
2017/07/05	1429	37.28	37.28	37.28	37.28	1800	67104.00
2017/07/05	1430	37.28	37.28	37.28	37.28	2900	108112.00
2017/07/05	1431	37.28	37.28	37.28	37.28	1600	59648.00
2017/07/05	1432	37.28	37.28	37.28	37.28	900	33552.00
2017/07/05	1433	37.28	37.28	37.28	37.28	3100	115568.00
2017/07/05	1434	37.28	37.28	37.28	37.28	400	14912.00
2017/07/05	1435	37.28	37.28	37.28	37.28	1000	37280.00
2017/07/05	1436	37.28	37.28	37.28	37.28	6600	246048.00
2017/07/05	1437	37.28	37.28	37.28	37.28	2700	100656.00
2017/07/05	1438	37.28	37.28	37.28	37.28	1300	48464.00
2017/07/05	1439	37.28	37.28	37.28	37.28	1100	41008.00
2017/07/05	1440	37.28	37.28	37.28	37.28	100	3728.00
2017/07/05	1441	37.28	37.28	37.28	37.28	2300	85744.00
2017/07/05	1442	37.28	37.28	37.28	37.28	10200	380256.00
2017/07/05	1443	37.28	37.28	37.28	37.28	4100	152848.00
2017/07/05	1444	37.28	37.28	37.28	37.28	13600	507007.97
2017/07/05	1445	37.28	37.28	37.28	37.28	4000	149120.00
2017/07/05	1446	37.28	37.28	37.28	37.28	22700	846256.00
2017/07/05	1447	37.28	37.28	37.28	37.28	63600	2371008.00
2017/07/05	1448	37.28	37.28	37.28	37.28	76200	2840735.75
2017/07/05	1449	37.28	37.28	37.28	37.28	55300	2061584.00
2017/07/05	1450	37.28	37.28	37.28	37.28	29000	1081120.00
2017/07/05	1451	37.28	37.28	37.28	37.28	71200	2654336.00
2017/07/05	1452	37.28	37.28	37.28	37.28	38100	1420368.00
2017/07/05	1453	37.28	37.28	37.28	37.28	17200	641216.00
2017/07/05	1454	37.28	37.28	37.28	37.28	10300	383984.00
2017/07/05	1455	37.28	37.28	37.28	37.28	23400	872351.94
2017/07/05	1456	37.28	37.28	37.28	37.28	39000	1453920.00
2017/07/05	1457	37.28	37.28	37.28	37.28	13900	518192.00
2017/07/05	1458	37.28	37.28	37.28	37.28	14400	536832.00
2017/07/05	1459	37.28	37.28	37.28	37.28	34200	1274976.00
2017/07/05	1500	37.28	37.28	37.28	37.28	10500	391440.00
数据来源:通达信
