300633
002423
000905
002510
600581
000916
600516
002161
300317
000488
603799
002300
002482
002282
600855
600562
300666
300474
002156
002224
603703
300130
300657
600549
600259
002230
300571
002813
300609
300663
603668
002074
002407
601878
300662
002590
300334
000617
000877
300618
601225
601678
000970
300248
002318
000636
000001
300346
600967
600990
000413
000856
002352
002716
600298
000625
000050
603180
000630
002428
600497
603505
600629
600706
002081
002457
300146
002180
002456
603326
600570
002460
600477
002302
000839
002047
000852
002061
000687
300590
002067
002088
000725
603133
300222
300044
000025
300266
002771
002809
603618
002158
600031
300099
300062
300279
000935
600884
002289
603197
600848
000801
002591
300344
000651
002822
300331
300285
603986
002733
002466
002639
300210
002036
300395
000022
000507
600480
300141
002695
002577
002539
300494
600120
600760
000912
600874
300259
300052
300465
002443
002415
002350
601116
002319
002346
002709
300407
603269
000548
300153
600791
002011
300427
600209
000600
000019
000402
600973
600845
300349
002494
000735
000551
603388
300041
002837
000958
000516
603778
002305
603098
300481
300649
600325
000973
600586
002052
300155
000638
300090
603007
000711
300236
300140
300164
002065
300255
002672
601877
002198
600827
600481
002616
603019
603758
000728
600735
300271
300023
603896
300082
600463
603385
300335
002665
600008
600853
300647
600895
300070
002431
300084
603727
603787
603501
600871
000039
600475
002836
601808
603881
300304
002205
603126
300024
300591
000605
300531
600803
601258
300534
600787
002010
603138
300300
300311
603797
002045
002865
002167
600421
000401
601212
002340
300078
300212
002671
600660
600339
000558
300166
600401
603616
600198
000615
601669
002373
300419
002573
300075
000923
300137
600095
002542
300157
603169
600679
300328
002204
002491
300216
002640
300477
600340
000937
600155
600550
601992
300629
300562
300187
300016
002032
000968
002642
399006
601366
601989
601228
000582
300247
600771
600993
603198
601699
601566
000415
000513
300055
603903
300627
600533
600149
002016
600162
600684
000096
601168
000088
600116
000531
603822
000062
600868
601000
600185
600698
600717
600482
600230
000778
002146
603969
000669
603833
300020
002108
600528
601390
601668
002601
002040
600798
300420
300377
000151
600343
600773
002526
002561
002105
600547
600050
601088
601375
601008
002246
600893
000768
600242